[83. 91. 80. ... 91. 91. 91.],
[83. 90. 79. ... 90. 90. 90.],
[83. 90. 79. ... 90. 89. 90.],
[84. 90. 80. ... 90. 91. 90.],
[85. 90. 81. ... 90. 93. 90.],
[84. 90. 79. ... 90. 92. 90.],
[84. 89. 79. ... 90. 91. 90.],
[85. 89. 80. ... 89. 92. 89.],
[86. 88. 82. ... 89. 94. 89.],
[86. 88. 82. ... 88. 95. 88.],
[86. 88. 83. ... 88. 95. 88.],
[87. 86. 84. ... 86. 93. 86.],
[88. 85. 85. ... 85. 94. 85.],
[88. 85. 85. ... 85. 96. 85.],
[88. 86. 85. ... 85. 96. 86.],
[89. 85. 86. ... 85. 94. 85.],
[92. 84. 90. ... 84. 90. 84.],
[ 97.  82.  94. ...  82. 100.  82.],
[99. 80. 95. ... 80. 42. 80.],
[98. 78. 96. ... 77.  4. 77.],
[97. 76. 97. ... 75. 16. 75.],
[95. 75. 95. ... 74. 34. 74.],
[96. 74. 97. ... 74. 45. 74.],
[ 99.  72. 100. ...  72.  30.  72.],
[104.  73. 102. ...  72.  68.  73.],
[106.  73. 104. ...  72. 113.  72.],
[107.  72. 105. ...  72. 117.  72.],
[109.  72. 106. ...  72. 111.  72.],
[114.  70. 110. ...  71. 113.  71.],
[115.  70. 112. ...  71. 109.  70.],
[119.  69. 115. ...  69. 113.  69.],
[123.  66. 119. ...  67. 118.  67.],
[123.  65. 123. ...  66. 121.  66.],
[125.  65. 123. ...  66. 122.  66.],
[128.  65. 126. ...  65. 123.  65.],
[132.  65. 130. ...  65. 118.  65.],
[133.  65. 132. ...  65. 114.  65.],
[134.  65. 133. ...  65. 121.  65.],
[131.  65. 132. ...  65. 120.  65.],
[129.  65. 131. ...  65. 108.  65.],
[133.  63. 135. ...  63.  37.  63.],
[132.  61. 135. ...  61.  27.  61.],
[130.  61. 134. ...  61.  20.  61.],
[130.  62. 134. ...  61.  22.  61.],
[134.  60. 137. ...  60.  26.  60.],
[138.  59. 140. ...  58.  27.  58.],
[140.  57. 141. ...  56.  25.  56.],
[140.  56. 142. ...  55.  25.  55.],
[145.  55. 142. ...  54.  27.  54.],
[147.  53. 140. ...  53.  22.  53.],
[146.  53. 138. ...  53.  43.  53.],
[146.  53. 137. ...  53. 110.  53.],
[145.  53. 139. ...  53.  91.  53.],
[140.  54. 139. ...  53.  88.  53.],
[127.  52. 134. ...  52. 118.  52.],
[118.  50. 128. ...  49. 121.  50.],
[123.  50. 124. ...  50. 115.  50.],
[125.  51. 125. ...  51. 110.  51.],
[134.  51. 138. ...  51. 111.  51.],
[137.  51. 140. ...  51. 134.  51.],
[105.  50. 104. ...  50. 138.  50.],
[104.  47. 106. ...  47. 120.  47.],
[ 93.  46.  99. ...  46. 120.  46.],
[111.  44. 110. ...  44. 125.  44.],
[102.  45.  98. ...  45. 121.  45.],
[112.  49. 109. ...  49. 121.  49.],
[ 89.  51.  84. ...  51. 117.  51.],
[ 94.  49.  85. ...  48. 121.  49.],
[ 92.  49.  83. ...  49. 122.  49.],
[110.  51. 106. ...  50. 118.  50.],
[111.  51. 112. ...  51. 115.  51.],
[107.  52. 105. ...  51. 121.  51.],
[108.  55. 115. ...  55. 111.  55.],
[107.  60. 111. ...  60. 106.  60.],
[116.  57. 114. ...  56. 113.  56.],
[112.  58. 111. ...  57. 114.  58.],
[103.  59. 104. ...  59. 109.  59.],
[100.  58. 101. ...  58. 111.  58.],
[102.  56. 106. ...  56. 115.  56.],
[107.  55. 109. ...  54. 115.  55.],
[ 96.  54.  98. ...  53. 116.  53.],
[107.  56.  97. ...  56. 113.  56.],
[126.  59. 120. ...  59. 112.  59.],
[108.  52. 111. ...  53. 120.  53.],
[ 93.  52.  93. ...  52. 134.  52.],
[103.  53.  93. ...  53. 120.  53.],
[97. 52. 82. ... 52. 70. 52.],
[102.  53.  87. ...  53.  48.  53.],
[104.  53.  83. ...  53.  52.  53.],
[70. 52. 54. ... 52. 53. 52.],
[ 9. 51.  0. ... 51. 44. 51.],
[12. 50.  9. ... 50. 38. 50.],
[ 7. 49.  2. ... 49. 40. 49.],
[36. 49. 24. ... 49. 40. 49.],
[71. 51. 55. ... 50. 32. 50.],
[76. 51. 59. ... 51. 25. 51.],
[56. 50. 47. ... 49. 22. 49.],
[19. 48. 14. ... 48. 24. 48.],
[15. 49. 14. ... 48. 15. 49.],
[17. 47. 21. ... 46.  9. 47.],
[65. 43. 72. ... 42. 11. 43.],
[89. 42. 90. ... 41.  8. 41.],
[101.  43.  95. ...  42.   9.  42.],
[105.  42.  90. ...  42.  24.  42.],
[98. 42. 89. ... 42. 40. 42.],
[103.  44.  96. ...  44.  46.  44.],
[102.  44.  90. ...  44.  32.  44.],
[48. 44. 33. ... 44. 27. 44.],
[21. 41.  4. ... 42. 21. 42.],
[21. 42. 10. ... 42. 10. 42.],
[15. 41. 12. ... 41. 25. 41.],
[33. 41. 36. ... 41. 36. 41.],
[119.  42. 117. ...  42.  32.  42.],
[117.  44. 114. ...  43.  24.  43.],
[110.  43. 100. ...  43.  22.  43.],
[109.  43.  98. ...  43.  23.  43.],
[92. 44. 87. ... 44. 18. 44.],
[81. 44. 71. ... 44. 23. 44.],
[94. 43. 74. ... 43. 41. 43.],
[93. 44. 71. ... 44. 54. 44.],
[97. 45. 80. ... 45. 67. 45.],
[90. 47. 80. ... 47. 92. 47.],
[ 69.  46.  68. ...  46. 104.  46.],
[ 28.  45.  48. ...  45. 103.  45.],
[  5.  42.  18. ...  43. 112.  43.],
[ 41.  42.  18. ...  42. 116.  42.],
[ 44.  41.  -1. ...  41. 117.  41.],
[ 72.  41.   4. ...  41. 118.  41.],
[ 51.  41.  21. ...  41. 107.  41.],
[ 40.  40.  20. ...  41. 109.  40.],
[ 67.  41.  39. ...  42. 111.  41.],
[ 81.  42.  50. ...  43. 110.  43.],
[70. 42. 50. ... 43. 93. 42.],
[69. 43. 48. ... 44. 95. 43.],
[ 72.  46.  44. ...  47. 109.  46.],
[76. 47. 63. ... 47. 92. 47.],
[ 77.  48.  72. ...  48. 104.  48.],
[ 84.  48.  82. ...  49. 109.  49.],
[ 80.  48.  84. ...  48. 111.  48.],
[ 77.  48.  79. ...  49. 113.  48.],
[ 79.  51.  82. ...  52. 113.  52.],
[ 75.  52.  81. ...  53. 111.  52.],
[ 70.  53.  76. ...  53. 105.  53.],
[ 72.  55.  74. ...  55. 104.  55.],
[68. 55. 73. ... 55. 94. 55.],
[72. 56. 73. ... 56. 80. 56.],
[70. 55. 69. ... 55. 88. 55.],
[ 58.  54.  58. ...  55. 101.  54.],
[46. 52. 52. ... 53. 99. 53.],
[ 34.  49.  48. ...  50. 107.  50.],
[ 14.  50.  35. ...  50. 111.  50.],
[ -7.  51.  19. ...  52. 104.  51.],
[-17.  51.   1. ...  52. 105.  51.],
[-26.  50. -19. ...  51. 107.  50.],
[-19.  49. -24. ...  50. 109.  49.],
[-15.  47. -26. ...  48. 110.  48.],
[-19.  47. -24. ...  49. 111.  48.],
[-24.  48. -31. ...  49. 110.  49.],
[-13.  49. -25. ...  50. 109.  49.],
[ 31.  48.  12. ...  49. 104.  49.],
[ 7. 48.  2. ... 49. 97. 49.],
[  2.  48.  -0. ...  49. 103.  48.],
[ -2.  48.  -4. ...  49. 112.  49.],
[ -7.  49. -10. ...  50. 109.  49.],
[-13.  49. -17. ...  50. 105.  50.],
[-13.  50. -15. ...  51. 112.  51.],
[-10.  51. -12. ...  52. 124.  51.],
[-13.  51. -16. ...  52. 126.  52.],
[-17.  53. -20. ...  54. 125.  53.],
[  9.  52.  -6. ...  53. 123.  53.],
[ 24.  52.   5. ...  52. 126.  52.],
[ 42.  50.  17. ...  51. 124.  51.],
[ 50.  49.  22. ...  50. 111.  50.],
[ 56.  50.  45. ...  50. 126.  50.],
[ 17.  50.  25. ...  50. 141.  50.],
[ 11.  49.  24. ...  49. 108.  49.],
[ 44.  48.  25. ...  48. 107.  48.],
[ 21.  47.  21. ...  48. 109.  48.],
[ 27.  48.  35. ...  49. 107.  49.],
[ 20.  49.  20. ...  50. 106.  50.],
[ 38.  48.  30. ...  49. 108.  48.],
[ 55.  48.  45. ...  49. 108.  48.],
[ 29.  46.  18. ...  47. 111.  47.],
[ 34.  48.  13. ...  49. 109.  49.],
[ 28.  49.  22. ...  50. 108.  50.],
[ 22.  49.  19. ...  50. 110.  49.],
[ 24.  48.  24. ...  49. 109.  48.],
[ 31.  47.  29. ...  48. 108.  48.],
[ 44.  49.  35. ...  50. 104.  50.],
[26. 52. 16. ... 52. 92. 52.],
[-14.  50. -22. ...  51.  82.  50.],
[-21.  48. -28. ...  49.  81.  49.],
[-12.  49. -21. ...  50.  82.  49.],
[-12.  50. -24. ...  51.  97.  51.],
[-16.  51. -26. ...  52. 106.  52.],
[-20.  52. -29. ...  53. 105.  53.],
[-19.  52. -29. ...  53. 107.  52.],
[-17.  51. -27. ...  52. 111.  51.],
[-12.  48. -22. ...  49. 112.  49.],
[ -8.  47. -18. ...  48. 114.  47.],
[ -9.  47. -16. ...  49. 111.  48.],
[-13.  47. -18. ...  49. 111.  48.],
[-12.  48. -19. ...  49. 110.  49.],
[-14.  49. -19. ...  50. 108.  50.],
[-16.  50. -21. ...  51. 106.  51.],
[-16.  51. -21. ...  52. 105.  51.],
[-18.  52. -24. ...  53. 104.  52.],
[-23.  51. -29. ...  52. 103.  52.],
[ 10.  51.  27. ...  51. 104.  51.],
[123.  50.  98. ...  51. 105.  50.],
[ 25.  48.  25. ...  49. 106.  49.],
[ 58.  48. 112. ...  49. 107.  48.],
[ 86.  51.  90. ...  52. 104.  51.],
[100.  52.  75. ...  52. 103.  52.],
[129.  50.  40. ...  51. 103.  51.],
[ 81.  51.  16. ...  52. 102.  52.],
[ 13.  52.  91. ...  53. 100.  53.],
[ 92.  53. 138. ...  54. 100.  53.],
[114.  54. 122. ...  54.  99.  54.],
[141.  53. 129. ...  54. 100.  53.],
[ 66.  53. 135. ...  54. 101.  53.],
[ 20.  52.  53. ...  53. 102.  53.],
[117.  51.   4. ...  52. 102.  52.],
[103.  53.  27. ...  53. 102.  53.],
[109.  52.  -0. ...  53. 102.  53.],
[ 88.  52.  12. ...  53. 103.  52.],
[ 48.  53.  24. ...  54. 101.  54.],
[ 23.  53.  38. ...  54. 100.  54.],
[12. 54. 54. ... 55. 99. 55.],
[ 3. 54. 62. ... 54. 99. 54.],
[-14.  54.  64. ...  55.  98.  55.],
[-25.  56.  64. ...  56.  97.  56.],
[-19.  56.  20. ...  57.  97.  56.],
[-27.  56.  42. ...  57.  97.  57.],
[-14.  56.  73. ...  57.  99.  57.],
[83. 55. 58. ... 56. 96. 56.],
[ 56.  57. -27. ...  58.  79.  58.],
[-23.  57. -32. ...  58.  64.  58.],
[-13.  57.  11. ...  58.  58.  58.],
[ 5. 57.  7. ... 58. 62. 57.],
[-0. 56.  1. ... 57. 62. 57.],
[  8.  57. -21. ...  58.  60.  57.],
[-9. 56. -9. ... 57. 59. 57.],
[-10.  56.  -4. ...  56.  60.  56.],
[-4. 55. -7. ... 55. 57. 55.],
[-12.  55.  -5. ...  56.  55.  56.],
[-10.  56. -15. ...  56.  64.  56.],
[-10.  55. -18. ...  55.  78.  55.],
[-17.  52.  -2. ...  53.  98.  53.],
[ -4.  50. -29. ...  51. 106.  51.],
[ -9.  50.   3. ...  51. 105.  50.],
[ -2.  51.  -6. ...  51. 105.  51.],
[  2.  51. -30. ...  52. 107.  52.],
[ -9.  51. -20. ...  52.  95.  52.],
[ -7.  50. -24. ...  51.  81.  51.],
[-8. 49. -9. ... 50. 80. 49.],
[ -7.  48. -12. ...  49.  75.  49.],
[ -9.  50. -12. ...  51.  73.  50.],
[ -5.  49. -10. ...  50.  77.  50.],
[ -6.  48. -10. ...  49.  87.  48.],
[ -7.  46. -11. ...  47.  99.  47.],
[ -3.  44.  -7. ...  45. 109.  45.],
[ -3.  43.  -7. ...  45. 112.  44.],
[-13.  44. -15. ...  46. 111.  45.],
[  7.  46.  14. ...  47. 112.  47.],
[ 47.  47.  49. ...  48. 110.  48.],
[ 86.  49.  89. ...  49. 109.  49.],
[114.  49. 114. ...  50. 109.  50.],
[115.  50. 111. ...  51. 107.  51.],
[107.  49. 106. ...  50. 107.  50.],
[109.  50. 102. ...  50. 107.  50.],
[101.  50.  83. ...  51. 105.  51.],
[ 52.  52.  37. ...  53. 104.  52.],
[ 27.  53.  27. ...  54. 103.  54.],
[ 22.  54.  20. ...  55. 103.  54.],
[ 28.  55.  22. ...  56. 103.  55.],
[ 27.  55.  24. ...  56. 102.  55.],
[ 28.  56.  18. ...  57. 100.  56.],
[30. 57. 25. ... 57. 98. 57.],
[26. 58. 49. ... 58. 97. 58.],
[55. 58. 76. ... 58. 98. 58.],
[88. 58. 97. ... 58. 97. 58.],
[104.  57. 103. ...  58.  98.  57.],
[101.  59.  96. ...  59.  96.  59.],
[107.  60.  98. ...  60.  94.  60.],
[109.  60. 102. ...  60.  94.  60.],
[94. 59. 93. ... 60. 95. 59.],
[82. 57. 87. ... 58. 97. 57.],
[71. 56. 71. ... 56. 99. 56.],
[ 84.  54.  79. ...  55. 100.  55.],
[ 65.  53.  71. ...  53. 103.  53.],
[ 33.  51.  33. ...  52. 104.  52.],
[ 23.  49.  16. ...  50. 106.  49.],
[ -7.  46.  -9. ...  47. 108.  47.],
[-12.  43. -20. ...  44. 109.  44.],
[-23.  43. -23. ...  44. 110.  43.],
[-17.  46. -22. ...  47. 108.  46.],
[-15.  47. -21. ...  48. 108.  47.],
[ 80.  51.  69. ...  52. 105.  51.],
[ 81.  53.  78. ...  54. 102.  54.],
[ 71.  52.  68. ...  53. 101.  53.],
[ 29.  51.  28. ...  52. 103.  51.],
[  2.  50.   1. ...  52. 103.  51.],
[ 11.  49.   9. ...  50. 107.  50.],
[  5.  49.   7. ...  50. 108.  50.],
[ 14.  49.  11. ...  50. 108.  50.],
[ 18.  47.   2. ...  49. 110.  48.],
[ -0.  48. -23. ...  49. 108.  49.],
[-18.  48. -29. ...  50. 106.  49.],
[-22.  47. -24. ...  48. 107.  48.],
[-19.  48. -23. ...  49. 107.  48.],
[-18.  48. -21. ...  49. 106.  48.],
[-17.  46. -25. ...  47. 109.  47.],
[-17.  44. -22. ...  46. 111.  45.],
[-20.  44. -23. ...  45. 111.  45.],
[-19.  44. -22. ...  45. 112.  44.],
[-21.  44. -23. ...  45. 113.  44.],
[ 20.  43.  16. ...  44. 114.  44.],
[ 17.  42.  11. ...  43. 117.  42.],
[ 17.  41.  10. ...  41. 120.  41.],
[ 23.  40.  15. ...  41. 117.  41.],
[ 19.  40.  16. ...  41. 119.  40.],
[ 13.  40.  14. ...  41. 122.  40.],
[ 12.  41.  10. ...  41. 113.  41.],
[12. 44.  5. ... 44. 91. 44.],
[13. 45.  2. ... 45. 67. 45.],
[14. 44.  8. ... 45. 52. 45.],
[16. 43. 19. ... 44. 48. 43.],
[18. 44.  1. ... 44. 53. 44.],
[23. 44. 28. ... 45. 53. 44.],
[-7. 43. -5. ... 44. 55. 44.],
[ -8.  44. -19. ...  45.  54.  45.],
[-13.  45. -21. ...  46.  56.  45.],
[ -5.  45. -14. ...  46.  57.  45.],
[ -9.  45. -24. ...  46.  57.  46.],
[ -6.  44. -18. ...  45.  56.  44.],
[-10.  43.  -9. ...  44.  68.  44.],
[ -8.  43. -11. ...  44.  55.  44.],
[-10.  43. -18. ...  43.  40.  43.],
[ -9.  43. -23. ...  44.  11.  43.],
[69. 45. 52. ... 46. -3. 46.],
[109.  50. 105. ...  51.   4.  50.],
[ 98.  50. 102. ...  50.  21.  50.],
[ 87.  50. 101. ...  50.  56.  50.],
[102.  51.  96. ...  51.  92.  51.],
[ 86.  50. 103. ...  50. 103.  50.],
[ 73.  49.  84. ...  49. 105.  49.],
[ 74.  49.  63. ...  49. 103.  49.],
[ 55.  48.  44. ...  49. 107.  49.],
[ 53.  49.  48. ...  49. 107.  49.],
[ 59.  49.  55. ...  50. 105.  50.],
[ 13.  49.  27. ...  50. 108.  49.],
[ 57.  48.  59. ...  49. 107.  49.],
[ 90.  49.  83. ...  49. 107.  49.],
[ 77.  48.  89. ...  49. 108.  48.],
[ 88.  48.  93. ...  48. 108.  48.],
[ 73.  48.  68. ...  48. 107.  48.],
[ 92.  47.  65. ...  47. 108.  47.],
[ 79.  46.  62. ...  46. 109.  46.],
[ 54.  47.  57. ...  47. 108.  47.],
[ 36.  47.  31. ...  47. 109.  47.],
[ 61.  46.  45. ...  47. 110.  47.],
[ 55.  45.  42. ...  46. 111.  45.],
[ 63.  45.  53. ...  45. 111.  45.],
[ 69.  45.  55. ...  46. 111.  45.],
[ 53.  45.  53. ...  45. 111.  45.],
[ 59.  44.  61. ...  45. 112.  44.],
[ 63.  44.  48. ...  45. 111.  45.],
[ -8.  46.  11. ...  47. 109.  46.],
[-16.  46. -26. ...  47. 108.  47.],
[  1.  45. -32. ...  46. 108.  46.],
[ 15.  44. -12. ...  45. 109.  45.],
[  6.  44.   2. ...  45. 110.  44.],
[  8.  42.  14. ...  43. 110.  43.],
[  3.  42.   9. ...  43. 111.  42.],
[-21.  43. -13. ...  44. 110.  43.],
[-15.  44. -20. ...  45. 109.  44.],
[-15.  45. -24. ...  46. 108.  45.],
[ -8.  44. -23. ...  45. 110.  44.],
[ -5.  43. -23. ...  44. 111.  44.],
[ -5.  45. -21. ...  46. 110.  45.],
[ -4.  47. -14. ...  48. 108.  47.],
[ -7.  48. -13. ...  49. 107.  49.],
[-19.  49. -18. ...  50. 107.  49.],
[-24.  49. -16. ...  50. 106.  49.],
[-27.  50. -23. ...  51. 104.  51.],
[  8.  52. -41. ...  53. 103.  52.],
[ 73.  51. -13. ...  52. 103.  52.],
[117.  51.  80. ...  52. 104.  51.],
[121.  51. 134. ...  52. 104.  51.],
[113.  51. 112. ...  52. 104.  51.],
[112.  50.  84. ...  51. 105.  50.],
[ 74.  51.  61. ...  51. 104.  51.],
[ 59.  51.  23. ...  51. 104.  51.],
[ 51.  51.  31. ...  52. 103.  52.],
[ 53.  50.  51. ...  51. 105.  50.],
[ 77.  50.  70. ...  50. 105.  50.],
[ 94.  49. 107. ...  50. 105.  50.],
[ 97.  48. 132. ...  48. 107.  48.],
[122.  48. 133. ...  49. 107.  49.],
[ 77.  49. 105. ...  50. 105.  49.],
[  6.  51.  45. ...  51. 103.  51.],
[-12.  49.   2. ...  50. 106.  50.],
[ -9.  48. -13. ...  49. 106.  49.],
[-15.  47. -11. ...  48. 108.  48.],
[ -4.  48. -11. ...  49. 108.  48.],
[ -3.  50. -19. ...  51. 107.  51.],
[-13.  50.  -6. ...  51. 107.  51.],
[-16.  51. -19. ...  52. 106.  52.],
[ -8.  51. -20. ...  52. 105.  52.],
[-15.  51. -30. ...  52. 105.  52.],
[ -6.  51. -19. ...  52. 105.  52.],
[ -3.  50. -14. ...  51. 107.  50.],
[  5.  50.  -3. ...  51. 106.  51.],
[ 33.  51.  27. ...  52. 105.  52.],
[ 23.  51.  25. ...  52. 105.  52.],
[ 26.  52.  28. ...  52. 105.  52.],
[ 34.  52.  30. ...  53. 104.  53.],
[ 37.  53.  25. ...  54. 104.  54.],
[ 37.  52.  22. ...  52. 105.  52.],
[ 40.  50.  24. ...  50. 107.  50.],
[ 39.  49.  24. ...  50. 108.  49.],
[ 34.  49.  22. ...  50. 108.  49.],
[ 26.  50.  18. ...  50. 107.  50.],
[  8.  50.  -5. ...  51. 106.  51.],
[-18.  48. -27. ...  50. 108.  49.],
[-16.  48. -30. ...  49. 110.  48.],
[ -7.  47. -23. ...  49. 110.  48.],
[-16.  47. -23. ...  48. 110.  48.],
[-21.  47. -24. ...  48. 112.  47.],
[-16.  48. -25. ...  49. 111.  48.],
[-17.  48. -31. ...  49. 110.  49.],
[-21.  48. -26. ...  49. 110.  48.],
[-18.  49. -27. ...  50. 108.  50.],
[-16.  48. -28. ...  49. 108.  49.],
[-20.  48. -32. ...  49. 108.  49.],
[-20.  48. -32. ...  50. 109.  49.],
[-16.  49. -29. ...  50. 109.  49.],
[-15.  48. -28. ...  49. 107.  49.],
[-18.  47. -29. ...  49. 107.  48.],
[-19.  47. -26. ...  49. 108.  48.],
[-24.  47. -28. ...  49. 108.  48.],
[-27.  49. -31. ...  50. 105.  50.],
[-31.  49. -36. ...  50. 105.  50.],
[-27.  50. -32. ...  51. 104.  50.],
[ -7.  50. -10. ...  51. 104.  50.],
[  2.  48.  -5. ...  49. 106.  49.],
[-10.  48. -22. ...  49. 107.  49.],
[-16.  48. -13. ...  49. 109.  48.],
[ -8.  46.  -3. ...  47. 110.  47.],
[-10.  48.  -4. ...  49. 108.  49.],
[-15.  50. -10. ...  51. 106.  51.],
[-20.  51. -17. ...  52. 104.  52.],
[-25.  53. -25. ...  54. 103.  53.],
[-14.  51. -16. ...  51. 104.  51.],
[  6.  51.  -1. ...  52. 104.  52.],
[  0.  49.  13. ...  50. 105.  50.],
[-23.  47. -12. ...  48. 102.  48.],
[-15.  48.  -8. ...  49. 104.  49.],
[ -6.  47.  -3. ...  48. 107.  48.],
[-12.  48. -13. ...  49. 104.  49.],
[-12.  50. -15. ...  51. 106.  51.],
[-12.  51. -19. ...  52. 100.  51.],
[ -3.  52. -12. ...  52.  80.  52.],
[ -0.  52. -13. ...  53.  66.  53.],
[ -6.  52. -18. ...  52.  63.  52.],
[-14.  52. -26. ...  53.  62.  53.],
[-17.  54. -32. ...  54.  60.  54.],
[-14.  53. -28. ...  53.  60.  53.],
[ -8.  50. -26. ...  51.  66.  51.],
[ -7.  50. -30. ...  51.  82.  51.],
[ -5.  49. -37. ...  50. 101.  49.],
[-10.  48. -19. ...  49. 108.  48.],
[-12.  48. -22. ...  49. 104.  49.],
[-15.  49. -22. ...  49. 104.  49.],
[-18.  49. -20. ...  49.  93.  49.],
[-18.  50. -21. ...  51.  71.  51.],
[-15.  52. -24. ...  52.  63.  52.],
[-13.  52. -21. ...  53.  62.  53.],
[-15.  53. -15. ...  53.  57.  53.],
[-16.  52. -32. ...  52.  61.  52.],
[-13.  52. -22. ...  52.  66.  52.],
[-12.  50. -11. ...  50.  60.  50.],
[-5. 50. -6. ... 50. 65. 50.],
[  8.  50. -28. ...  50.  88.  50.],
[-13.  49.  -4. ...  49. 105.  49.],
[ 39.  50.  -3. ...  50. 103.  50.],
[ 38.  51.  39. ...  51. 102.  51.],
[ 47.  52.  42. ...  52. 101.  52.],
[ 44.  52.  32. ...  52. 101.  52.],
[64. 51. 35. ... 51. 79. 51.],
[45. 51. 43. ... 51. 70. 51.],
[36. 51. 55. ... 51. 67. 51.],
[53. 51. 50. ... 52. 70. 51.],
[44. 53. 33. ... 53. 89. 53.],
[41. 54. 38. ... 55. 99. 54.],
[39. 55. 29. ... 56. 95. 56.],
[30. 57. 19. ... 58. 95. 58.],
[22. 58. 14. ... 59. 94. 59.],
[17. 58. 11. ... 58. 94. 58.],
[15. 58.  8. ... 59. 94. 59.],
[13. 59.  8. ... 59. 94. 59.],
[12. 59.  6. ... 60. 93. 60.],
[10. 59.  5. ... 60. 94. 60.],
[ 8. 61.  4. ... 61. 93. 61.],
[ 6. 61.  3. ... 62. 92. 62.],
[ 6. 62.  2. ... 63. 92. 63.],
[ 4. 64. -0. ... 64. 92. 64.],
[ 4. 64. -1. ... 65. 92. 64.],
[ 5. 62.  0. ... 63. 92. 63.],
[ 9. 57.  5. ... 58. 96. 58.],
[ 14.  54.  10. ...  55. 100.  54.],
[20. 55.  6. ... 56. 98. 56.],
[10. 56.  5. ... 57. 98. 57.],
[ 8. 55.  8. ... 56. 99. 56.],
[12. 54.  9. ... 55. 98. 55.],
[ 9. 52.  1. ... 53. 99. 53.],
[ -6.  57. -15. ...  57.  95.  57.],
[-15.  58. -24. ...  59.  95.  59.],
[-19.  59. -26. ...  59.  97.  59.],
[ -3.  59. -22. ...  60.  95.  60.],
[27. 61. 10. ... 62. 93. 62.],
[49. 61. 37. ... 61. 93. 61.],
[55. 59. 48. ... 59. 94. 59.],
[55. 59. 51. ... 59. 94. 59.],
[57. 58. 54. ... 59. 96. 59.],
[56. 58. 55. ... 58. 97. 58.],
[57. 58. 57. ... 58. 97. 58.],
[60. 57. 61. ... 57. 97. 57.],
[61. 56. 62. ... 57. 95. 57.],
[59. 54. 60. ... 55. 98. 55.],
[ 59.  53.  58. ...  54. 101.  53.],
[ 61.  52.  60. ...  53. 104.  53.],
[ 63.  53.  61. ...  54. 102.  54.],
[65. 53. 62. ... 54. 93. 54.],
[62. 54. 60. ... 54. 74. 54.],
[57. 53. 44. ... 53. 86. 53.],
[25. 53. -1. ... 54. 67. 54.],
[  7.  54. -18. ...  55.  61.  55.],
[ -7.  56. -20. ...  57.  59.  57.],
[-26.  59. -31. ...  60.  32.  60.],
[ -5.  58. -17. ...  59.  26.  59.],
[44. 55. 27. ... 55. -3. 55.],
[ 61.  54.  55. ...  54. -10.  54.],
[ 65.  53.  63. ...  53. -11.  53.],
[ 65.  52.  63. ...  52. -14.  52.],
[ 61.  50.  60. ...  50. -19.  50.],
[ 60.  49.  61. ...  49. -25.  49.],
[ 63.  47.  64. ...  47. -17.  47.],
[65. 47. 65. ... 47. 14. 47.],
[68. 46. 68. ... 46. 54. 46.],
[68. 47. 66. ... 47. 76. 47.],
[ 60.  53.  60. ...  53. 100.  53.],
[ 71.  51.  54. ...  52. 105.  52.],
[ 70.  50.  33. ...  51. 105.  51.],
[ 62.  50.  21. ...  50. 104.  50.],
[ 58.  49.  15. ...  50. 104.  49.],
[ 57.  49.   9. ...  49. 103.  49.],
[ 59.  49.  20. ...  50. 105.  49.],
[ 63.  50.  47. ...  50. 105.  50.],
[ 62.  51.  60. ...  52. 104.  51.],
[ 64.  52.  64. ...  52. 104.  52.],
[ 66.  52.  66. ...  52. 104.  52.],
[ 70.  53.  69. ...  54. 104.  54.],
[ 72.  54.  71. ...  55. 102.  55.],
[ 73.  55.  71. ...  56. 100.  55.],
[71. 56. 71. ... 56. 98. 56.],
[70. 56. 70. ... 56. 98. 56.],
[72. 56. 72. ... 56. 97. 56.],
[70. 57. 70. ... 57. 98. 57.],
[68. 58. 68. ... 58. 98. 58.],
[67. 59. 69. ... 59. 97. 59.],
[66. 59. 67. ... 60. 94. 60.],
[65. 59. 66. ... 60. 93. 60.],
[65. 60. 64. ... 60. 93. 60.],
[64. 60. 61. ... 61. 93. 61.],
[59. 62. 55. ... 63. 92. 62.],
