0.9637849529853746
74.88531056717906
0.9637849529853875
0.9637849529853865
0.9637849529853849
24.445939383633636
0.9637849529853789
0.9637849529853936
0.9637849529854163
0.9637849529853427
0.963784952985384
0.9637849529853793
0.9637849529853506
0.9637849529853996
0.9637849529853858
0.9637849529854225
0.963784952985354
0.963784952985314
0.9637849529853797
0.9637849529853918
0.9637849529853877
0.9637849529853606
0.9637849529853364
0.963784952985355
0.9637849529854289
0.9637849529853995
0.9637849529854076
0.9637849529854234
0.9637849529854404
0.9637849529854049
0.9637849529854516
0.9637849529854111
0.9637849529853695
0.9637849529852757
0.9637849529854468
0.9637849529853743
0.9637849529854035
0.9637849529854146
0.9637849529853575
0.9637849529855113
0.9637849529853734
0.9637849529854446
0.9637849529854132
0.9637849529854029
0.9637849529856118
24.445939383633394
0.9637849529853452
0.9637849529854022
0.9637849529853938
74.88531056717918
